mY	FbR_Y	FbR_A	FbR_B	FbR_C	FbR_U	FbR_Us	FbD_Y	FbD_A	FbD_B	FbD_C	FbD_U	FbD_Us	NfR_Y	NfR_A	NfR_B	NfR_C	NfR_U	NfR_Us	NfD_Y	NfD_A	NfD_B	NfD_C	NfD_U	NfD_Us	CoRa(mY)
0.001	0.8585520020570973	0.012236566981155059	0.001897614655660073	3.3677634330188444	94.44072022628069	5.559279773719306	0.8976109284760105	0.011407912788441976	0.001992171187661926	3.3685920872115567	94.03543060224871	5.964569397751291	0.8585520020570973	0.012236566981155059	0.001897614655660073	3.3677634330188444	94.44072022628069	5.559279773719306	0.9014796021599522	0.012236566981155059	0.001897614655660073	3.3677634330188444	94.44072022628069	5.559279773719306	0.9118530139809977
0.0012589254117941675	1.0572465788436163	0.008933901482551763	0.0023872719810473257	3.371066098517448	92.37808895052488	7.621911049475113	1.1042432789962133	0.008397544480828165	0.0025063091210423428	3.3716024555191715	91.88997866307959	8.110021336920402	1.0572465788436163	0.008933901482551763	0.002387271981047326	3.371066098517448	92.37808895052488	7.621911049475113	1.1101089077857969	0.008933901482551762	0.002387271981047326	3.371066098517448	92.37808895052488	7.621911049475114	0.8914158061304542
0.001584893192461114	1.2953556234134813	0.006749345058536962	0.0030037022687998956	3.3732506549414625	89.90455587371005	10.09544412628994	1.3513251620572262	0.006382410351920694	0.003153558507383771	3.3736175896480796	89.3229894627603	10.677010537239688	1.2953556234134813	0.006749345058536964	0.0030037022687998956	3.373250654941462	89.90455587371005	10.09544412628994	1.3601234045841553	0.006749345058536964	0.0030037022687998956	3.3732506549414625	89.90455587371005	10.09544412628994	0.8669870887241226
0.001995262314968879	1.5775615377092735	0.005232410399999655	0.0037797283191096567	3.3747675896000007	86.97190732574266	13.028092674257335	1.643406019339681	0.004971665843670787	0.003968382708601429	3.3750283341563287	86.28757411573226	13.712425884267747	1.5775615377092735	0.005232410399999655	0.0037797283191096567	3.3747675896000007	86.97190732574266	13.028092674257337	1.6564396145947373	0.005232410399999655	0.0037797283191096567	3.3747675896000007	86.97190732574266	13.028092674257337	0.8380911527185657
0.0025118864315095794	1.9076804079661223	0.004142976696706994	0.0047566684751659686	3.3758570233032925	83.54073744893078	16.459262551069212	1.984034813783252	0.003952616780462881	0.004994165304762538	3.376047383219536	82.74707948517847	17.252920514821525	1.9076804079661223	0.004142976696706994	0.0047566684751659686	3.3758570233032925	83.54073744893078	16.459262551069212	2.003064428364428	0.004142976696706994	0.0047566684751659686	3.3758570233032925	83.54073744893078	16.459262551069212	0.8043526541943969
0.0031622776601683794	2.2879832014392605	0.003341428200201976	0.0059865354394433475	3.3766585717997977	79.58761981227093	20.41238018772907	2.375059867684862	0.0031996827738409177	0.00628551866341203	3.376800317226159	78.682463211967	21.317536788032992	2.287983201439261	0.0033414282002019765	0.005986535439443347	3.3766585717997977	79.58761981227093	20.41238018772907	2.402382361511224	0.0033414282002019765	0.005986535439443347	3.3766585717997977	79.58761981227093	20.41238018772907	0.7655623584939293
0.003981071705534973	2.7184526114740972	0.0027411199801231708	0.007534803409969025	3.3772588800198764	75.11288652409924	24.887113475900758	2.815886563447158	0.002634010004205218	0.007911189210470345	3.3773659899957944	74.10005691935581	25.89994308064418	2.7184526114740972	0.0027411199801231703	0.007534803409969026	3.3772588800198764	75.11288652409924	24.887113475900758	2.8543752420478024	0.0027411199801231703	0.007534803409969027	3.3772588800198764	75.11288652409924	24.88711347590076	0.7217505747425879
0.005011872336272725	3.196103760600888	0.0022855092975712673	0.009483890376750603	3.377714490702428	70.14771927082994	29.852280729170054	3.3028331520099137	0.0022036667214540098	0.009957713517762356	3.3777963332785457	69.0382892658932	30.961710734106795	3.196103760600888	0.0022855092975712673	0.009483890376750603	3.377714490702428	70.14771927082994	29.852280729170054	3.3559089486309324	0.0022855092975712673	0.009483890376750603	3.3777144907024277	70.14771927082994	29.85228072917005	0.6732532769633085
0.00630957344480193	3.714545194307256	0.0019362122784298864	0.011937540087768837	3.3780637877215693	64.75873130701387	35.24126869298612	3.8287671406463613	0.0018731427905966805	0.012534018866510921	3.3781268572094025	63.57148261335376	36.428517386646234	3.7145451943072567	0.0019362122784298864	0.011937540087768836	3.37806378772157	64.75873130701387	35.241268692986125	3.9002724540226197	0.0019362122784298864	0.011937540087768836	3.37806378772157	64.75873130701387	35.241268692986125	0.6207523578619268
0.007943282347242814	4.2639638108131654	0.001666342625508783	0.015026335519749991	3.378333657374491	59.04813636043732	40.95186363956268	4.383199324366957	0.0016174206158004645	0.01577721160401514	3.378382579384199	57.80888681757187	42.19111318242813	4.263963810813166	0.001666342625508783	0.01502633551974999	3.378333657374491	59.04813636043732	40.95186363956268	4.4771620013538245	0.001666342625508783	0.01502633551974999	3.378333657374491	59.04813636043732	40.95186363956268	0.5652716666904416
0.010000000000000002	4.8316569179962165	0.0014565899242050863	0.018914635043224857	3.378543410075795	53.148226097958364	46.85177390204163	4.9529362901867255	0.0014184484980846687	0.019859858872373903	3.378581551501915	51.88790399243234	48.11209600756766	4.831656917996215	0.0014565899242050863	0.018914635043224864	3.378543410075795	53.14822609795836	46.851773902041636	5.0732397638960265	0.0014565899242050863	0.018914635043224864	3.378543410075795	53.14822609795836	46.851773902041636	0.508117466507926
0.012589254117941675	5.403104846886973	0.0012928035532901387	0.023809296815104443	3.3787071964467104	47.2102260856373	52.78977391436269	5.523251290156807	0.001262948918228388	0.02499914725142068	3.378737051081771	45.9619227807024	54.0380772192976	5.403104846886969	0.0012928035532901382	0.023809296815104457	3.3787071964467104	47.21022608563729	52.789773914362705	5.673260089231319	0.0012928035532901382	0.023809296815104453	3.3787071964467104	47.210226085637295	52.789773914362705	0.450765623088069
0.015848931924611134	5.963416429469438	0.0011644453925144865	0.029970649918180402	3.3788355546074853	41.38927533804352	58.61072466195648	6.079373846484359	0.0011410043951855578	0.03146839933843804	3.3788589956048147	40.18483939150591	59.81516060849408	5.963416429469437	0.0011644453925144865	0.029970649918180405	3.3788355546074853	41.38927533804351	58.61072466195649	6.2615872509429105	0.0011644453925144865	0.029970649918180402	3.3788355546074853	41.38927533804352	58.61072466195649	0.3947140158291327
0.0199526231496888	6.498854746774698	0.0010635653142216416	0.037726286867334896	3.378936434685778	35.82857335509625	64.17142664490375	6.607990088259273	0.0010451150679591124	0.03961155094732931	3.3789548849320403	34.69546951798294	65.30453048201706	6.498854746774698	0.0010635653142216416	0.037726286867334896	3.378936434685778	35.82857335509625	64.17142664490373	6.823797484113433	0.0010635653142216416	0.037726286867334896	3.378936434685778	35.82857335509625	64.17142664490373	0.34133042932654933
0.025118864315095794	6.998122504701994	0.0009841029722408123	0.047488396743291625	3.379015897027758	30.646030244870317	69.35396975512968	7.098442162116169	0.0009695528258501115	0.049861343095803465	3.3790304471741495	29.605093304261807	70.39490669573819	6.998122504701993	0.0009841029722408123	0.04748839674329164	3.379015897027758	30.64603024487031	69.35396975512968	7.348028629937094	0.0009841029722408123	0.04748839674329164	3.379015897027758	30.64603024487031	69.35396975512968	0.2917277890488702
0.03162277660168379	7.4531695569180325	0.0009213999424471594	0.05977553790783917	3.379078600057552	25.92589074601785	74.07410925398214	7.5434179910655095	0.0009099078355756417	0.06276217101645867	3.3790900921644242	24.990305156099584	75.00969484390042	7.453169556918036	0.0009213999424471594	0.05977553790783915	3.3790786000575523	25.92589074601786	74.07410925398214	7.825828034763935	0.0009213999424471593	0.05977553790783916	3.379078600057552	25.925890746017853	74.07410925398214	0.24668922878661187
0.039810717055349734	7.859437671932602	0.0008718514307254347	0.07523997169479323	3.379128148569274	21.716216332165015	78.28378366783498	7.939081106324426	0.0008627634518654131	0.07899876502916281	3.3791372365481336	20.891692495803262	79.10830750419673	7.859437671932599	0.0008718514307254347	0.07523997169479324	3.379128148569274	21.71621633216501	78.28378366783498	8.252409555529233	0.0008718514307254347	0.07523997169479321	3.379128148569274	21.71621633216502	78.28378366783498	0.20664980700003474
0.05011872336272722	8.215609886408261	0.0008326529956319341	0.09470195256134177	3.3791673470043677	18.031526480919783	81.9684735190802	8.284734188106626	0.00082545897439425	0.09943216439738194	3.3791745410256055	17.317371149114088	82.6826288508859	8.215609886408265	0.0008326529956319341	0.09470195256134174	3.379167347004368	18.031526480919787	81.9684735190802	8.626390380728678	0.000832652995631934	0.09470195256134177	3.379167347004368	18.031526480919783	81.9684735190802	0.1717267747723338
0.06309573444801933	8.523028158972568	0.0008016134551819895	0.11919270591088524	3.379198386544818	14.858898239141	85.141101760859	8.582190913460078	0.0007959138726674805	0.12514479543741447	3.3792040861273316	14.249563381579952	85.75043661842004	8.523028158972568	0.0008016134551819895	0.11919270591088525	3.379198386544818	14.858898239140998	85.141101760859	8.949179566921192	0.0008016134551819894	0.11919270591088531	3.379198386544818	14.858898239140991	85.141101760859	0.14178137797005802
0.07943282347242814	8.784966524822325	0.0007770148415673916	0.1500082328396458	3.3792229851584317	12.165579359845914	87.83442064015408	8.8350401468103	0.0007724958806875174	0.15749688989377128	3.379227504119312	11.652306867185976	88.34769313281403	8.784966524822323	0.0007770148415673915	0.15000823283964584	3.3792229851584317	12.165579359845909	87.8344206401541	9.224214851063437	0.0007770148415673915	0.15000823283964584	3.3792229851584317	12.165579359845909	87.8344206401541	0.11649353478230154
0.1	9.005914701351406	0.0007575064027861047	0.18877657194394235	3.3792424935972134	9.906506171486546	90.09349382851346	9.047946357880933	0.0007539209491707377	0.19819698926230772	3.3792460790508287	9.478800946351452	90.52119905364854	9.00591470135139	0.0007575064027861047	0.18877657194394268	3.379242493597213	9.906506171486528	90.09349382851347	9.456210436418957	0.0007575064027861047	0.18877657194394276	3.3792424935972134	9.906506171486525	90.09349382851347	0.09543439212042094
0.12589254117941673	9.190970003031278	0.0007420236277614284	0.2375417308558802	3.3792579763722377	8.030711675702825	91.96928832429717	9.226071539452153	0.0007391766824147129	0.2493898834707618	3.3792608233175847	7.67750669648596	92.32249330351404	9.190970003031275	0.0007420236277614283	0.23754173085588032	3.3792579763722377	8.030711675702822	91.96928832429718	9.65051850318284	0.0007420236277614283	0.23754173085588032	3.3792579763722377	8.030711675702822	91.96928832429718	0.07812760309949272
0.15848931924611134	9.345379701645653	0.000729725909221942	0.29886817870439736	3.3792702740907776	6.4861895556803875	93.5138104443196	9.374650671576246	0.0007274633114338318	0.3137660310224267	3.3792725366885654	6.196671583318028	93.80332841668198	9.345379701645658	0.000729725909221942	0.29886817870439725	3.379270274090777	6.486189555680389	93.5138104443196	9.812648686727933	0.000729725909221942	0.2988681787043976	3.379270274090777	6.486189555680383	93.51381044431962	0.064095661596748
0.19952623149688797	9.474235403513681	0.0007199482452479352	0.37597056067018286	3.3792800517547517	5.223202415882644	94.77679758411735	9.498716058409858	0.0007181479043317977	0.39469729513631435	3.379281852095667	4.98733213976945	95.01266786023055	9.474235403513712	0.0007199482452479353	0.37597056067018164	3.3792800517547517	5.22320241588266	94.77679758411735	9.947947173689386	0.0007199482452479353	0.375970560670182	3.3792800517547517	5.223202415882655	94.77679758411735	0.05289152551505984
0.251188643150958	9.582298283686928	0.0007121636148374209	0.4728741367889501	3.3792878363851626	4.19625982283006	95.80374017716993	9.602946572589918	0.000710728659080462	0.4964046815839285	3.379289271340919	4.005049597989709	95.99495040201029	9.582298283686942	0.0007121636148374209	0.4728741367889494	3.379287836385162	4.196259822830066	95.80374017716993	10.061413197871273	0.0007121636148374209	0.47287413678895024	3.3792878363851626	4.196259822830058	95.80374017716993	0.04411787700736708
0.31622776601683794	9.67392558601708	0.0007059535316951657	0.5946123124565813	3.3792940464683046	3.3650802643472426	96.63491973565274	9.691611758227234	0.0007048069322259374	0.6241646248262687	3.379295193067774	3.2106975323308466	96.78930246766916	9.673925586017095	0.0007059535316951657	0.5946123124565806	3.3792940464683046	3.365080264347247	96.63491973565274	10.15762186531796	0.0007059535316951657	0.59461231245658	3.3792940464683046	3.3650802643472506	96.63491973565274	0.03743709438371395
0.39810717055349726	9.753069342770951	0.0007009849025362339	0.7474684299650569	3.379299015097464	2.694846280244625	97.30515371975538	9.768582548891175	0.0007000652378156385	0.7845611409065101	3.3792999347621837	2.5706025672004866	97.42939743279952	9.75306934277094	0.0007009849025362339	0.7474684299650577	3.379299015097464	2.6948462802446222	97.30515371975538	10.24072280990948	0.0007009849025362339	0.7474684299650582	3.379299015097464	2.69484628024462	97.30515371975538	0.03257487863611639
0.5011872336272722	9.823323160821268	0.0006969917686901889	0.9392695804700999	3.379303008231309	2.156011716160242	97.84398828383975	9.837385719379217	0.0006962498746320188	0.9857916841860718	3.379303750125367	2.0562839527675627	97.94371604723243	9.823323160821232	0.0006969917686901889	0.9392695804701034	3.379303008231309	2.156011716160234	97.84398828383975	10.314489318862313	0.0006969917686901889	0.9392695804701018	3.379303008231309	2.156011716160238	97.84398828383975	0.029319932196016543
0.6309573444801932	9.887999049873326	0.0006937608437908567	1.1797403414590364	3.3793062391562088	1.723856461932681	98.27614353806733	9.90128532074047	0.0006931571535727853	1.2380345568165807	3.3793068428464266	1.643974063962133	98.35602593603787	9.887999049873324	0.0006937608437908567	1.1797403414590366	3.3793062391562088	1.723856461932681	98.27614353806733	10.38239900236698	0.0006937608437908567	1.1797403414590375	3.3793062391562088	1.7238564619326793	98.27614353806733	0.027521417226733947
0.7943282347242815	9.950221922137384	0.0006911200103574795	1.4809237056238789	3.379308879989642	1.3779245953847172	98.62207540461527	9.96337978287501	0.0006906224325825859	1.5538848591535857	3.379309377567417	1.3140444948208918	98.68595550517912	9.950221922137475	0.0006911200103574795	1.4809237056238653	3.3793088799896416	1.3779245953847299	98.62207540461527	10.447733018244344	0.0006911200103574795	1.480923705623866	3.379308879989642	1.3779245953847292	98.62207540461527	0.027085274942877165
1.0	10.013033839373819	0.0006889291279250673	1.8576745809467579	3.3793110708720744	1.1014337223311201	98.89856627766888	10.026707524863408	0.0006885113459844915	1.948863748720621	3.3793114886540145	1.050416978795214	98.94958302120479	10.013033839373788	0.0006889291279250671	1.8576745809467639	3.379311070872074	1.1014337223311168	98.89856627766888	10.513685531342512	0.0006889291279250671	1.857674580946758	3.3793110708720744	1.1014337223311201	98.89856627766888	0.027969922168949626
1.2589254117941673	10.079503147494732	0.0006870726518345252	2.328227540222237	3.3793129273481655	0.8807077336252062	99.11929226637479	10.094356690883968	0.000686712753989306	2.442001610713172	3.37931328724601	0.8400053127658869	99.1599946872341	10.079503147494753	0.0006870726518345252	2.3282275402222323	3.379312927348165	0.880707733625208	99.11929226637479	10.583478304869464	0.0006870726518345252	2.328227540222238	3.3793129273481655	0.8807077336252058	99.11929226637479	0.030181364110922527
1.5848931924611136	10.152835409756982	0.000685453676867657	2.914834382748806	3.3793145463231316	0.7046606675993213	99.29533933240067	10.169576149041804	0.0006851330477937403	3.0564890485718266	3.379314866952205	0.6722119654892742	99.3277880345107	10.152835409757033	0.000685453676867657	2.9148343827487913	3.3793145463231316	0.7046606675993249	99.29533933240067	10.66047718024488	0.000685453676867657	2.9148343827487926	3.3793145463231316	0.7046606675993246	99.29533933240067	0.033767367555963164
1.9952623149688797	10.236483717426701	0.0006839891122628354	3.6444580955547936	3.3793160108877367	0.5643434452048475	99.43565655479514	10.25588535322738	0.0006836915340694008	3.8203800021884082	3.37931630846593	0.5384886370895944	99.46151136291041	10.236483717426676	0.0006839891122628354	3.644458095554802	3.3793160108877367	0.5643434452048461	99.43565655479514	10.748307903298024	0.0006839891122628354	3.644458095554798	3.3793160108877367	0.5643434452048468	99.43565655479514	0.03881003415526067
2.5118864315095806	10.33425575517542	0.0006826057703086695	4.549498004626265	3.37931739422969	0.4525555450315989	99.5474444549684	10.357180316626604	0.000682316695323051	4.767318993025425	3.3793176833046763	0.4319613834134334	99.56803861658658	10.334255755175398	0.0006826057703086694	4.549498004626274	3.3793173942296906	0.452555545031598	99.5474444549684	10.850968542934162	0.0006826057703086694	4.549498004626277	3.3793173942296906	0.45255554503159773	99.5474444549684	0.04541593887517868
3.1622776601683804	10.450414215014405	0.000681237213396256	5.66850729889129	3.3793187627866033	0.36351822552810725	99.6364817744719	10.477832084163008	0.000680943182802072	5.937250768567793	3.379319056817197	0.34711615008970076	99.65288384991031	10.450414215014435	0.000681237213396256	5.6685072988912735	3.3793187627866033	0.3635182255281083	99.63648177447189	10.972934925765161	0.000681237213396256	5.668507298891272	3.3793187627866033	0.3635182255281084	99.63648177447189	0.05370303450897451
3.9810717055349727	10.589766174004675	0.0006798212555394601	7.046851220522916	3.3793201787444604	0.29260318961875603	99.70739681038123	10.622773133550494	0.0006795094472675056	7.377058380935125	3.3793204905527316	0.27953828256273316	99.72046171743727	10.589766174004689	0.0006798212555394601	7.046851220522908	3.37932017874446	0.2926031896187564	99.70739681038123	11.11925448270491	0.0006798212555394601	7.046851220522915	3.37932017874446	0.2926031896187561	99.70739681038123	0.06378387904804475
5.011872336272723	10.75773639880313	0.0006782980531539078	8.73724641194561	3.379321701946845	0.23610956633991004	99.7638904336601	10.797566630371215	0.000677955948840743	9.141069726762222	3.3793220440511593	0.22569881495275917	99.77430118504724	10.757736398803111	0.0006782980531539078	8.737246411945629	3.379321701946845	0.23610956633990957	99.7638904336601	11.295623218743277	0.0006782980531539078	8.737246411945618	3.3793217019468447	0.23610956633990984	99.7638904336601	0.07574551264435954
6.309573444801935	10.96041984079381	0.0006766087438360273	10.80012499571357	3.3793233912561638	0.19108204271408805	99.80891795728591	11.008454045828028	0.0006762239075544307	11.291378741132657	3.3793237760924453	0.18278044061361162	99.81721955938639	10.960419840793815	0.0006766087438360273	10.800124995713563	3.3793233912561638	0.19108204271408816	99.80891795728591	11.508440832833505	0.0006766087438360273	10.800124995713565	3.379323391256164	0.19108204271408813	99.80891795728591	0.08962748706742096
7.943282347242818	11.20461041988489	0.0006746945982516414	13.303786518056407	3.3793253054017476	0.15516345665531478	99.84483654334467	11.26237885501414	0.0006742545586766079	13.897950960340133	3.379325745441323	0.14853661363441573	99.8514633863656	11.20461041988489	0.0006746945982516414	13.303786518056407	3.3793253054017476	0.15516345665531478	99.84483654334468	11.764840940879127	0.0006746945982516414	13.303786518056416	3.3793253054017476	0.15516345665531467	99.84483654334468	0.10540091925076668
10.000000000000002	11.497806816453119	0.0006724966384082629	16.324339262731815	3.379327503361591	0.12647587498098428	99.87352412501902	11.566988009819179	0.0006719888615166779	17.038525260607653	3.3793280111384827	0.12117796962667708	99.87882203037333	11.497806816453132	0.0006724966384082629	16.324339262731797	3.379327503361591	0.12647587498098442	99.87352412501902	12.072697157275787	0.0006724966384082629	16.324339262731797	3.3793275033615915	0.12647587498098442	99.87352412501902	0.12295253072015248
12.589254117941678	11.848201007993369	0.000669955649687665	19.94548540528545	3.3793300443503127	0.10352496650471603	99.89647503349528	11.930618067296713	0.0006693675826504072	20.79837831001534	3.3793306324173495	0.09928104254687574	99.90071895745312	11.848201007993378	0.000669955649687665	19.945485405285435	3.3793300443503127	0.10352496650471611	99.89647503349528	12.440611058393047	0.000669955649687665	19.945485405285435	3.3793300443503127	0.1035249665047161	99.89647503349528	0.14207782083465692
15.848931924611136	12.26466052586627	0.0006670124841226149	24.258259735493194	3.3793329875158764	0.08512325399986796	99.91487674600012	12.362277930068652	0.0006663316455020285	25.270071823977844	3.3793336683544974	0.08171501961838512	99.91828498038161	12.264660525866269	0.0006670124841226149	24.258259735493198	3.3793329875158764	0.08512325399986795	99.91487674600012	12.877893552159586	0.0006670124841226147	24.258259735493194	3.3793329875158764	0.08512325399986796	99.91487674600012	0.16248632665740667
19.9526231496888	12.756719182169235	0.0006636085324036988	29.360871655860215	3.379336391467597	0.07032855276778492	99.92967144723221	12.87164340495697	0.0006628226220697905	30.553337221654573	3.37933717737793	0.06758298748003634	99.93241701251996	12.756719182169235	0.0006636085324036988	29.360871655860215	3.3793363914675965	0.07032855276778492	99.92967144723221	13.394555141277698	0.0006636085324036988	29.360871655860215	3.3793363914675965	0.07032855276778492	99.92967144723221	0.18381939946493864
25.118864315095802	13.334591829656436	0.0006596862441860395	35.35880927753279	3.379340313755814	0.05839456286169335	99.9416054371383	13.469078861048862	0.000658783250241546	36.75525370542382	3.379341216749758	0.056174767265404685	99.9438252327346	13.334591829656427	0.0006596862441860394	35.358809277532814	3.379340313755814	0.05839456286169332	99.9416054371383	14.001321421139249	0.0006596862441860395	35.358809277532814	3.379340313755814	0.058394562861693325	99.94160543713829	0.20567783606594028
31.622776601683796	14.009226058262879	0.0006551896046152749	42.365337364398876	3.3793448103953843	0.048731168860322756	99.95126883113966	14.165697937844229	0.000654157893553781	43.99084171827592	3.3793458421064457	0.046929006802373226	99.95307099319763	14.00922605826288	0.0006551896046152749	42.36533736439887	3.379344810395384	0.04873116886032276	99.95126883113966	14.709687361176025	0.0006551896046152749	42.36533736439887	3.3793448103953843	0.04873116886032276	99.95126883113966	0.22765423167168572
39.81071705534974	14.792398442902964	0.0006500645229242091	50.502466378145776	3.379349935477075	0.04087250743203252	99.95912749256797	14.97346962426898	0.0006488929106050404	52.384135671688924	3.379351107089395	0.039402686380956474	99.96059731361903	14.792398442902968	0.0006500645229242091	50.50246637814577	3.379349935477075	0.04087250743203253	99.95912749256796	15.532018365048112	0.0006500645229242091	50.50246637814578	3.379349935477075	0.040872507432032516	99.95912749256797	0.2493640575297716
50.11872336272724	15.696856863659846	0.0006442591419028899	59.902406922864174	3.379355740858097	0.03445128165987319	99.96554871834012	15.905370026440702	0.0006429369532607647	62.06973780618546	3.3793570630467387	0.03324659424888759	99.96675340575109	15.696856863659852	0.0006442591419028898	59.90240692286416	3.379355740858097	0.034451281659873205	99.96554871834012	16.481699706842843	0.0006442591419028898	59.90240692286417	3.3793557408580974	0.0344512816598732	99.96554871834012	0.2704704400492071
63.09573444801934	16.7365054397902	0.0006377241196505548	70.70947242882853	3.3793622758803497	0.029178130890823065	99.97082186910917	16.97557558537054	0.0006362412516939572	73.19480796872598	3.3793637587483056	0.028185639620665833	99.97181436037933	16.736505439790196	0.0006377241196505548	70.70947242882855	3.379362275880349	0.029178130890823058	99.97082186910917	17.57333071177971	0.0006377241196505548	70.70947242882853	3.379362275880349	0.02917813089082306	99.97082186910917	0.29069983182086045
79.43282347242815	17.926625940267225	0.0006304129576720011	83.0823653051751	3.3793695870423273	0.024825113438324005	99.97517488656167	18.19969136746423	0.0006287599622859614	85.92142208572763	3.379371240037713	0.024003104137374116	99.97599689586262	17.92662594026722	0.0006304129576720011	83.08236530517512	3.3793695870423273	0.024825113438324	99.97517488656167	18.82295723728058	0.0006304129576720011	83.08236530517512	3.3793695870423273	0.024825113438324	99.97517488656167	0.3098482251087733
100.00000000000003	19.284129310119575	0.0006222824506379893	97.19677964993535	3.3793777175493616	0.021212542241131525	99.97878745775888	19.595008284175286	0.0006204506516067119	100.42923470999128	3.3793795493483927	0.020528103916755056	99.97947189608324	19.284129310119567	0.0006222824506379893	97.19677964993538	3.3793777175493616	0.02121254224113152	99.97878745775888	20.248335775625545	0.0006222824506379893	97.19677964993538	3.379377717549361	0.02121254224113152	99.97878745775888	0.3277794327503362
125.89254117941677	20.827832554827573	0.0006132933177446865	113.24827041253755	3.379386706682255	0.01819854901305001	99.98180145098696	21.18078497018111	0.0006112749716835901	116.91840062684476	3.3793887250283157	0.01762566198950705	99.98237433801049	20.82783255482757	0.0006132933177446865	113.24827041253755	3.379386706682255	0.018198549013050007	99.98180145098696	21.869224182568946	0.0006132933177446865	113.24827041253755	3.379386706682255	0.018198549013050007	99.98180145098696	0.34441789221119373
158.48931924611145	22.578758738866682	0.0006034110506505706	131.4553651522852	3.3793965889493482	0.015670857021087697	99.9843291429789	22.97855264574843	0.0006011995556445507	135.61273760601844	3.3793988004443554	0.015188890679138773	99.98481110932087	22.578758738866682	0.0006034110506505706	131.4553651522852	3.3793965889493487	0.015670857021087697	99.9843291429789	23.70769667581002	0.0006034110506505706	131.4553651522852	3.3793965889493482	0.015670857021087697	99.9843291429789	0.35973852554395874
199.52623149688793	24.560460491430064	0.000592606984614279	152.0629220460326	3.3794073930153847	0.013540328175342927	99.98645967182466	25.012443879876326	0.0005901971343274717	156.7631394138575	3.3794098028656725	0.013132866009384644	99.98686713399061	24.560460491430064	0.0005926069846142791	152.0629220460326	3.379407393015385	0.013540328175342927	99.98645967182465	25.78848351600157	0.000592606984614279	152.06292204603258	3.379407393015385	0.013540328175342928	99.98645967182466	0.3737557309024967
251.188643150958	26.79936969970665	0.0005808595716009337	175.34576165988886	3.379419140428399	0.011735923368144073	99.98826407663186	27.309548353991477	0.0005782478469846998	180.65127097671711	3.3794217521530148	0.011389847358792012	99.98861015264121	26.79936969970665	0.0005808595716009337	175.34576165988886	3.379419140428399	0.011735923368144073	99.98826407663186	28.139338184691976	0.0005808595716009338	175.34576165988886	3.379419140428399	0.011735923368144073	99.98826407663186	0.38651292417758937
316.227766016838	29.32517784095483	0.0005681558085736299	201.61261848076308	3.3794318441914255	0.010200779024360784	99.98979922097564	29.900300387414433	0.0005653406942507364	207.59359492762744	3.3794346593057485	0.009905557823065621	99.99009444217693	29.325177840954826	0.0005681558085736299	201.6126184807631	3.379431844191425	0.010200779024360783	99.98979922097564	30.79143673300257	0.0005681558085736299	201.6126184807631	3.379431844191425	0.010200779024360783	99.98979922097564	0.3980734247319111
398.10717055349744	32.17125269530622	0.0005544927515695691	231.21047168258053	3.37944550724843	0.008889158644300623	99.99111084135569	32.81890418995607	0.000551475059589042	237.94579134547362	3.3794485249404107	0.008636294870946654	99.99136370512906	32.171252695306215	0.000554492751569569	231.21047168258056	3.3794455072484304	0.008889158644300621	99.9911108413557	33.77981533007152	0.000554492751569569	231.21047168258056	3.3794455072484304	0.008889158644300621	99.9911108413557	0.40851299860851026
501.1872336272725	35.375098121222166	0.000539879026861349	264.52932442575604	3.3794601209731385	0.007764086018656106	99.99223591398133	36.103803691782055	0.0005366622069151451	272.1076417438666	3.379463337793084	0.007546687126340163	99.99245331287365	35.375098121222166	0.000539879026861349	264.529324425756	3.3794601209731385	0.007764086018656106	99.99223591398133	37.14385302728327	0.000539879026861349	264.529324425756	3.3794601209731385	0.007764086018656106	99.99223591398133	0.4179140581789291
630.9573444801931	38.97886431043274	0.0005243362352669352	302.00750867177226	3.3794756637647323	0.006795507036501735	99.99320449296349	39.79820450903116	0.0005209266478662717	310.52845577235644	3.379479073352133	0.006607951784608815	99.99339204821538	38.97886431043275	0.0005243362352669352	302.0075086717722	3.3794756637647327	0.006795507036501736	99.99320449296349	40.927807525954385	0.0005243362352669352	302.0075086717722	3.3794756637647323	0.006795507036501736	99.99320449296349	0.4263613439295595
794.3282347242815	43.029916591951036	0.0005079001358032463	344.1375993165276	3.379492099864197	0.005958860101148969	99.99404113989885	43.950656251588676	0.0005043072636708921	353.71312586262604	3.379495692736328	0.005796538840206731	99.99420346115978	43.02991659195103	0.0005079001358032463	344.13759931652766	3.379492099864197	0.005958860101148968	99.99404113989885	45.181412421548586	0.0005079001358032463	344.13759931652766	3.3794920998641964	0.005958860101148968	99.99404113989885	0.4339388415262349
1000.0000000000002	47.58147151428166	0.0004906214921167466	391.4730283318879	3.379509378507882	0.005233961866570981	99.99476603813343	48.615704048740334	0.0004868580655544629	402.2289020387225	3.379513141934445	0.005093073757487081	99.99490692624252	NaN	NaN	NaN	NaN	NaN	NaN	NaN	NaN	NaN	NaN	NaN	NaN	NaN
