FB	rho	time	Y	U	W	C
1	0.12500000000000028	0.0	0.50292877869193	0.38704050574080906	4.063664531830786	0.11557927509999819	NaN
1	0.12500000000000028	9.999999999999999e-5	0.50292877869193	0.38704050574080906	4.063664531830786	0.11557927509999819	NaN
1	0.12500000000000028	0.0010999999999999998	0.50292877869193	0.38704050574080906	4.063664531830786	0.11557927509999819	NaN
1	0.12500000000000028	0.011099999999999997	0.50292877869193	0.38704050574080906	4.063664531830786	0.11557927509999819	NaN
1	0.12500000000000028	0.11109999999999996	0.50292877869193	0.38704050574080906	4.063664531830786	0.11557927509999819	NaN
1	0.12500000000000028	1.1110999999999995	0.50292877869193	0.38704050574080906	4.063664531830786	0.11557927509999819	NaN
1	0.12500000000000028	11.111099999999993	0.50292877869193	0.38704050574080906	4.063664531830786	0.11557927509999834	NaN
1	0.12500000000000028	58.705997750679614	0.5029287788178939	0.3870405057223112	4.063664531827984	0.11557927481384925	NaN
1	0.12500000000000028	69.80987123505494	0.5029281754411523	0.3870405946565232	4.063664545546331	0.11557924977333067	NaN
1	0.12500000000000028	74.15605009037671	0.5029291367811441	0.38704045295968126	4.063664523688393	0.11557929155975129	NaN
1	0.12500000000000028	78.11048967243963	0.502928698627623	0.3870405175419664	4.063664533651273	0.11557927149804008	NaN
1	0.12500000000000028	82.28358825971613	0.5029288102088133	0.3870405010953363	4.063664531114148	0.11557927653280292	NaN
1	0.12500000000000028	86.79693344895422	0.5029287514810499	0.3870405097515892	4.063664532449507	0.1155792738662681	NaN
1	0.12500000000000028	91.51322019316456	0.502928814867213	0.38704050040870874	4.063664531008229	0.11557927674065369	NaN
1	0.12500000000000028	101.0041367390958	0.5029287832512065	0.3870405050687889	4.063664531727117	0.11557927530677267	NaN
1	0.12500000000000028	122.26049048017563	0.5029287794306005	0.3870405056319318	4.063664531813989	0.11557927513349872	NaN
1	0.12500000000000028	167.78097387375482	0.5029287787827433	0.38704050572742354	4.063664531828721	0.11557927510411681	NaN
1	0.12500000000000028	284.07415054810156	0.5029287786976442	0.3870405057399668	4.063664531830655	0.11557927510025733	NaN
1	0.12500000000000028	500.0	0.5029287786921399	0.3870405057407781	4.0636645318307805	0.11557927510000769	NaN
1	0.1312500000000003	500.0	0.5029287786921399	0.3870405057407781	4.0636645318307805	0.11557927510000769	NaN
1	0.1312500000000003	500.14195144728023	0.5062875222531593	0.387070780337453	4.063664310713441	0.11557949231766572	NaN
1	0.1312500000000003	500.50204006403874	0.512930303699085	0.38737132525104256	4.063655715104611	0.11558755079192512	NaN
1	0.1312500000000003	500.99492579336663	0.5188676474821008	0.388130888931337	4.063604604955514	0.11563208831776023	NaN
1	0.1312500000000003	501.56568961482816	0.5228943280470093	0.38927379169715687	4.063463110266753	0.1157441907689277	NaN
1	0.1312500000000003	502.2536265727535	0.5254656723612988	0.39078405683836137	4.06315614889617	0.11596010106121862	NaN
1	0.1312500000000003	503.0591561341752	0.5268602617007327	0.3925369869387037	4.062603586448142	0.1162958597866784	NaN
1	0.1312500000000003	504.0176467798953	0.52748746229748	0.3944615770866744	4.061693404427823	0.1167586934659609	NaN
1	0.1312500000000003	505.18360430703075	0.5276427953014248	0.396498989216771	4.060266442666212	0.11734162459133186	NaN
1	0.1312500000000003	506.9642862551399	0.5274510708863659	0.39899513113702534	4.05755603246246	0.11815576523360678	NaN
1	0.1312500000000003	508.29422270897015	0.5271910100869844	0.4004502075980959	4.055223471402094	0.11866110663620758	NaN
1	0.1312500000000003	510.6154804718192	0.52664483836751	0.402348280400727	4.050746551350931	0.11932115169585758	NaN
1	0.1312500000000003	512.5224761948542	0.526151717060717	0.4034500625191713	4.046845447383356	0.11968152513299783	NaN
1	0.1312500000000003	515.6125162623617	0.5253187635855473	0.4046383167683975	4.040381814096792	0.12001064503140173	NaN
1	0.1312500000000003	518.650163093767	0.5244974868927038	0.405333779460129	4.034094694875326	0.12013004511253993	NaN
1	0.1312500000000003	523.0723397562609	0.5233477508784479	0.4058645726424513	4.025372356613532	0.12010318580417984	NaN
1	0.1312500000000003	527.5025642643916	0.522281939475905	0.40609037857825514	4.017334243417051	0.1199612367052796	NaN
1	0.1312500000000003	533.1304142563076	0.5210698760711304	0.4061745769939852	4.0082237163752765	0.11972412921796263	NaN
1	0.1312500000000003	538.5994414237196	0.5200416087187578	0.4061651816482366	4.000509412904166	0.11948773606904436	NaN
1	0.1312500000000003	543.6784856434325	0.5192082132494213	0.4061271410838836	3.9942609505380693	0.11928295465591719	NaN
1	0.1312500000000003	548.3339674672521	0.5185359448289791	0.4060848706405078	3.98922538616583	0.11911284450955442	NaN
1	0.1312500000000003	552.7635328367129	0.5179696501343499	0.40604417285320316	3.9849811791266068	0.11896734186758581	NaN
1	0.1312500000000003	557.1576292112136	0.5174701327170127	0.4060059205860931	3.981240577063006	0.11883806023989905	NaN
1	0.1312500000000003	561.6231864764401	0.5170196918874692	0.40597008848899296	3.9778657666824224	0.11872090374632725	NaN
1	0.1312500000000003	566.1792880990218	0.516612443563704	0.4059370441670921	3.9748161658811996	0.11861475118886645	NaN
1	0.1312500000000003	570.7906025635571	0.516248315440826	0.4059070813350076	3.97208814677268	0.11851965782791231	NaN
1	0.1312500000000003	575.4137512766727	0.5159257811114049	0.40588038002833926	3.9696732046452174	0.11843539658241127	NaN
1	0.1312500000000003	580.0220240482208	0.5156421125363582	0.4058567349094346	3.9675477431927195	0.11836120814749565	NaN
1	0.1312500000000003	584.6102336394155	0.5153924039177349	0.40583590337618414	3.965678366246697	0.1182959295148829	NaN
1	0.1312500000000003	593.7603767304336	0.5149781004051173	0.4058011791434345	3.9625749591385584	0.11818754471504331	NaN
1	0.1312500000000003	606.560587811643	0.5145459548070948	0.4057648615570469	3.9593382705946687	0.11807448331857374	NaN
1	0.1312500000000003	619.4992873738927	0.5142372254817761	0.40573885927660347	3.957025975738566	0.11799370429220711	NaN
1	0.1312500000000003	634.7568318153717	0.513987852518732	0.4057178235872584	3.955158249366867	0.11792845242537836	NaN
1	0.1312500000000003	651.4952181114337	0.5138099197372444	0.40570279666228043	3.9538255892819425	0.11788189207681554	NaN
1	0.1312500000000003	670.5880542473578	0.513684432132121	0.40569219011822644	3.9528857274350893	0.11784905437455452	NaN
1	0.1312500000000003	692.1674670569025	0.5136022429657428	0.40568523934602563	3.9522701571824075	0.1178275466487792	NaN
1	0.1312500000000003	716.9968799576458	0.5135514475039501	0.4056809419963663	3.9518897156907467	0.11781425404845772	NaN
1	0.1312500000000003	745.8670990518958	0.5135226375303357	0.40567850411363593	3.951673938381693	0.1178067147496218	NaN
1	0.1312500000000003	780.1293204129071	0.5135078977484001	0.4056772566939991	3.9515635422278117	0.11780285747259264	NaN
1	0.1312500000000003	821.8071222386977	0.5135013507791691	0.40567670259540256	3.95151450756749	0.11780114418255881	NaN
1	0.1312500000000003	874.3279838885842	0.5134989632100831	0.40567650052006426	3.951496625455401	0.11780051937413495	NaN
1	0.1312500000000003	943.8878976705449	0.5134983144519999	0.40567644561103705	3.95149176646942	0.11780034959910184	NaN
1	0.1312500000000003	1043.1639538534528	0.5134982036627767	0.40567643623413807	3.951490936694352	0.11780032060640745	NaN
1	0.1312500000000003	1202.7266291161643	0.5134981945799667	0.4056764354653951	3.9514908686670744	0.1178003182295057	NaN
1	0.1312500000000003	1514.6405849741907	0.5134981941448977	0.40567643542857246	3.9514908654085503	0.11780031811565161	NaN
1	0.1312500000000003	2283.776000164238	0.5134981940991681	0.4056764354247021	3.9514908650660496	0.11780031810368452	NaN
1	0.1312500000000003	4696.157823832573	0.513498194091169	0.4056764354240251	3.951490865006139	0.11780031810159122	NaN
1	0.1312500000000003	10000.0	0.5134981940903376	0.4056764354239547	3.9514908649999123	0.11780031810137366	NaN
1	0.1312500000000003	Inf	0.5134981940902907	0.4056764354239507	3.951490864999561	0.11780031810136136	NaN
0.0	0.12500000000000028	0.0	0.50292877869193	0.3870405057408091	4.063664531830786	0.1155792750999982
0.0	0.12500000000000028	9.999999999999999e-5	0.50292877869193	0.3870405057408091	4.063664531830786	0.1155792750999982
0.0	0.12500000000000028	0.0010999999999999998	0.50292877869193	0.3870405057408091	4.063664531830786	0.1155792750999982
0.0	0.12500000000000028	0.011099999999999997	0.50292877869193	0.3870405057408091	4.063664531830786	0.1155792750999982
0.0	0.12500000000000028	0.11109999999999996	0.50292877869193	0.3870405057408091	4.063664531830786	0.1155792750999982
0.0	0.12500000000000028	1.1110999999999995	0.50292877869193	0.3870405057408091	4.063664531830786	0.1155792750999982
0.0	0.12500000000000028	11.111099999999993	0.5029287786919299	0.38704050574080917	4.063664531830786	0.11557927509999633
0.0	0.12500000000000028	48.40256341418234	0.502928755526336	0.387040505740102	4.063664531830079	0.11557927629332279
0.0	0.12500000000000028	54.56610913931957	0.5029291766287743	0.38704050574079746	4.063664531830774	0.11557927512422457
0.0	0.12500000000000028	59.180797560308264	0.502928362872522	0.38704050574080895	4.063664531830786	0.11557927510226582
0.0	0.12500000000000028	63.34802611963596	0.5029289354478874	0.3870405057408095	4.063664531830787	0.11557927510026775
0.0	0.12500000000000028	67.51780727802019	0.5029287192251389	0.38704050574080934	4.063664531830787	0.11557927510003024
0.0	0.12500000000000028	71.89545004983867	0.502928815578606	0.38704050574080917	4.063664531830787	0.11557927510000164
0.0	0.12500000000000028	76.48431291337474	0.5029287422151957	0.38704050574080906	4.063664531830787	0.11557927509999853
0.0	0.12500000000000028	85.87052037513482	0.5029287741475454	0.38704050574080906	4.063664531830787	0.11557927509999821
0.0	0.12500000000000028	106.98750287046107	0.5029287779549513	0.387040505740809	4.063664531830786	0.11557927509999819
0.0	0.12500000000000028	152.27641976876347	0.50292877860092	0.3870405057408091	4.063664531830786	0.1155792750999982
0.0	0.12500000000000028	268.0393087445859	0.5029287786861684	0.38704050574080906	4.063664531830786	0.1155792750999982
0.0	0.12500000000000028	500.0	0.502928778691731	0.3870405057408091	4.063664531830785	0.11557927509999819
0.0	0.1312500000000003	500.0	0.502928778691731	0.3870405057408091	4.063664531830785	0.11557927509999819
0.0	0.1312500000000003	500.1421322845465	0.5062915023261395	0.3870405057408091	4.063664531830785	0.11557927509999819
0.0	0.1312500000000003	500.50327220740064	0.512949274399097	0.3870405057408091	4.063664531830785	0.11557927509999819
0.0	0.1312500000000003	500.99784174453055	0.5188964207856784	0.3870405057408091	4.063664531830785	0.11557927509999819
0.0	0.1312500000000003	501.5706605481831	0.5229285515301924	0.3870405057408091	4.063664531830785	0.11557927509999819
0.0	0.1312500000000003	502.26107209975874	0.5255125891245449	0.3870405057408091	4.063664531830785	0.11557927509999819
0.0	0.1312500000000003	503.0695806321127	0.5269427036826625	0.3870405057408091	4.063664531830785	0.11557927509999819
0.0	0.1312500000000003	504.0317003835449	0.5276466476213393	0.3870405057408091	4.063664531830785	0.11557927509999819
0.0	0.1312500000000003	505.20234896571276	0.5279438372944203	0.3870405057408091	4.063664531830785	0.11557927509999819
0.0	0.1312500000000003	507.0583804543423	0.5280550781561155	0.3870405057408091	4.063664531830785	0.11557927509999819
0.0	0.1312500000000003	508.39243180299064	0.5280699831047577	0.3870405057408091	4.063664531830785	0.11557927509999819
0.0	0.1312500000000003	510.79952732641317	0.5280747665588063	0.3870405057408091	4.063664531830785	0.11557927509999819
0.0	0.1312500000000003	512.7199476711904	0.5280751528628027	0.3870405057408091	4.063664531830785	0.11557927509999819
0.0	0.1312500000000003	515.935025961174	0.5280752171193304	0.3870405057408091	4.063664531830785	0.11557927509999819
0.0	0.1312500000000003	519.0514511083942	0.5280752176163316	0.3870405057408091	4.063664531830785	0.11557927509999819
0.0	0.1312500000000003	524.9846986757136	0.5280752177479967	0.38704050574080917	4.063664531830785	0.1155792750999982
0.0	0.1312500000000003	532.6271139485398	0.5280752012834974	0.38704050574080917	4.063664531830785	0.1155792750999982
0.0	0.1312500000000003	538.9063634666184	0.5280755532413167	0.38704050574080917	4.063664531830785	0.1155792750999982
0.0	0.1312500000000003	543.8200851409158	0.528074570230764	0.38704050574080917	4.063664531830785	0.1155792750999982
0.0	0.1312500000000003	548.048486665267	0.5280755008623517	0.38704050574080917	4.063664531830785	0.1155792750999982
0.0	0.1312500000000003	552.1358296394134	0.5280751302510256	0.38704050574080917	4.063664531830785	0.1155792750999982
0.0	0.1312500000000003	556.3922795319554	0.5280752585047012	0.38704050574080917	4.063664531830785	0.1155792750999982
0.0	0.1312500000000003	560.9023228362306	0.528075183545918	0.38704050574080917	4.063664531830785	0.1155792750999982
0.0	0.1312500000000003	565.5776867862246	0.5280752581045359	0.38704050574080917	4.063664531830785	0.1155792750999982
0.0	0.1312500000000003	570.2916624240727	0.5280751655215975	0.38704050574080917	4.063664531830785	0.1155792750999982
0.0	0.1312500000000003	579.6401295045013	0.5280752111572035	0.38704050574080917	4.063664531830785	0.1155792750999982
0.0	0.1312500000000003	600.0953598565186	0.5280752165744631	0.38704050574080917	4.063664531830785	0.1155792750999982
0.0	0.1312500000000003	642.8269236334838	0.5280752174923908	0.38704050574080917	4.063664531830785	0.1155792750999982
0.0	0.1312500000000003	748.7070828272127	0.5280752176173934	0.3870405057408091	4.063664531830785	0.1155792750999982
0.0	0.1312500000000003	1143.8040274558066	0.5280752176263346	0.3870405057408091	4.063664531830786	0.1155792750999982
0.0	0.1312500000000003	4047.33246521948	0.5280752176265261	0.38704050574080906	4.063664531830786	0.1155792750999982
0.0	0.1312500000000003	10000.0	0.5280752176265266	0.3870405057408091	4.063664531830786	0.1155792750999982
0	0.1312500000000003	Inf	0.5280752176265265	0.3870405057408091	4.063664531830785	0.1155792750999982
