mY	FbR_Y	FbR_U	FbR_W	FbR_C	FbR_Y0	FbR_Y1	FbD_Y	FbD_U	FbD_W	FbD_C	FbD_Y0	FbD_Y1	NfR_Y	NfR_U	NfR_W	NfR_C	NfR_Y0	NfR_Y1	NfD_Y	NfD_U	NfD_W	NfD_C	NfD_Y0	NfD_Y1	CoRa(mY)
0.000125	6.399756266966998e-5	2.098486007171741e-5	9.900219034827032	1.5267101052704177e-5	12.252765225158518	0.933860776486693	6.719732629106841e-5	2.2034149055050864e-5	9.900180483081098	1.6030427133753257e-5	12.252718457312168	0.9338640720111129	6.399756266966998e-5	2.098486007171741e-5	9.900219034827032	1.5267101052704177e-5	12.252765225158518	0.933860776486693	6.719744080315347e-5	2.098486007171741e-5	9.900219034827032	1.5267101052704177e-5	12.252765225158518	0.933860776486693	0.9999650725660751
0.00015736567647427094	8.056744694244299e-5	2.6418659091937786e-5	9.900019395800895	1.921996159768046e-5	12.252523039310015	0.9338778425098093	8.459563780010747e-5	2.773966491990522e-5	9.899970862959474	2.0180913760679064e-5	12.25246416320945	0.9338819914050709	8.056744694244299e-5	2.6418659091937786e-5	9.900019395800895	1.9219961597680456e-5	12.252523039310015	0.9338778425098093	8.459581928956513e-5	2.641865909193778e-5	9.900019395800895	1.9219961597680456e-5	12.252523039310015	0.9338778425098093	0.9999560285599888
0.00019811164905763926	0.00010142727946738859	3.325957374174854e-5	9.899768070471424	2.4196212975165485e-5	12.252218151837125	0.9338993277926598	0.00010649835579928533	3.492266792610623e-5	9.899706972719917	2.5405950850533213e-5	12.252144033008374	0.9339045510625078	0.00010142727946738859	3.3259573741748536e-5	9.899768070471422	2.4196212975165485e-5	12.252218151837125	0.9338993277926598	0.00010649864344075803	3.3259573741748536e-5	9.899768070471422	2.4196212975165485e-5	12.252218151837125	0.9338993277926598	0.9999446425935431
0.00024940778937110987	0.00012768759363039218	4.1872039683440265e-5	9.899451679049209	3.046077554008288e-5	12.251834331466272	0.9339263768469543	0.00013407151743076722	4.396582471996863e-5	9.89937476387632	3.198369897897318e-5	12.251741024226854	0.9339329527445578	0.00012768759363039218	4.1872039683440265e-5	9.899451679049209	3.0460775540082878e-5	12.251834331466272	0.9339263768469543	0.00013407197331191176	4.1872039683440265e-5	9.899451679049209	3.0460775540082878e-5	12.251834331466272	0.9339263768469543	0.9999303081348874
0.00031398580393869743	0.00016074632586669503	5.271491136143519e-5	9.899053379195191	3.8347128266195615e-5	12.25135114643992	0.9339604306755804	0.00016878291963684405	5.53509470509707e-5	9.898956552436694	4.0264301880789456e-5	12.251233684082395	0.9339687095420348	0.00016074632586669503	5.2714911361435195e-5	9.899053379195191	3.8347128266195615e-5	12.25135114643992	0.9339604306755804	0.00016878364216002978	5.2714911361435195e-5	9.899053379195191	3.8347128266195615e-5	12.25135114643992	0.9339604306755804	0.9999122615245014
0.0003952847075210474	0.00020236314840381224	6.636594284079865e-5	9.898551970541805	4.827503926246709e-5	12.250742878194389	0.9340033036282736	0.0002124801607014031	6.968469980041672e-5	9.898430078750527	5.068850150890253e-5	12.250595008975292	0.9340137265820387	0.00020236314840381224	6.636594284079866e-5	9.898551970541805	4.82750392624671e-5	12.250742878194389	0.9340033036282736	0.00021248130582400288	6.636594284079866e-5	9.898551970541805	4.82750392624671e-5	12.250742878194389	0.9340033036282736	0.9998895412434546
0.0004976339631918717	0.00025475299997135574	8.355262690456518e-5	9.897920767973794	6.077287485725026e-5	12.249977154515658	0.9340572802077997	0.00026748883507187945	8.773098702360194e-5	9.897767324612373	6.381105942961488e-5	12.249791009494805	0.9340704026873752	0.00025475299997135574	8.355262690456515e-5	9.897920767973794	6.077287485725025e-5	12.249977154515658	0.9340572802077997	0.00026749064996992353	8.355262690456515e-5	9.897920767973794	6.077287485725025e-5	12.249977154515658	0.9340572802077997	0.9998609366073337
0.0006264840420340906	0.00032070375685278285	0.00010519105016047434	9.897126184158418	7.650566555572841e-5	12.249013229980166	0.9341252370219653	0.0003367360682738327	0.00011045175772120072	9.896933025170174	8.033022109634377e-5	12.248778905187217	0.9341417584466429	0.00032070375685278285	0.00010519105016047436	9.897126184158418	7.650566555572842e-5	12.249013229980166	0.9341252370219653	0.000336738944695422	0.00010519105016047436	9.897126184158418	7.650566555572842e-5	12.249013229980166	0.9341252370219653	0.9998249231320538
0.0007886966806002413	0.0004037242497105546	0.00013243485783272463	9.896125946618842	9.631040805667282e-5	12.247799823053091	0.9342107964392646	0.00042390590337108543	0.00013905843140750497	9.895882797251074	0.00010112477507188761	12.247504853992755	0.9342315975851271	0.0004037242497105546	0.00013243485783272463	9.896125946618842	9.631040805667283e-5	12.247799823053091	0.9342107964392646	0.00042391046219608235	0.00013243485783272463	9.896125946618842	9.631040805667283e-5	12.247799823053091	0.9342107964392646	0.9997795810944871
0.0009929102934053517	0.0005082304119714094	0.00016673697462760747	9.89486685563835	0.00012124045883686992	12.246272396159885	0.9343185202314175	0.0005336347073114382	0.00017507672489192925	9.894560785792821	0.0001273006537787126	12.245901097087376	0.9343447103409047	0.0005082304119714094	0.00016673697462760747	9.89486685563835	0.0001212404588368699	12.246272396159885	0.9343185202314175	0.0005336419325699799	0.00016673697462760747	9.89486685563835	0.00012124045883686992	12.246272396159885	0.9343185202314175	0.9997224928965137
0.0012500000000000002	0.00063977931967295	0.0002099274300958594	9.893281965552955	0.0001526213446680074	12.244349736259435	0.9344541536742719	0.0006717568343782456	0.00022042840041127849	9.892896705202661	0.00016024951470912914	12.243882369699715	0.934487129852316	0.0006397793196729499	0.00020992743009585942	9.893281965552957	0.0001526213446680074	12.244349736259437	0.9344541536742718	0.0006717682856565975	0.00020992743009585942	9.893281965552957	0.0001526213446680074	12.244349736259437	0.9344541536742718	0.9996506136797499
0.0015736567647427094	0.000805363343472841	0.0002643115305688758	9.891287042428184	0.0001921209007554587	12.241929657585322	0.9346249333587832	0.0008456133615638147	0.0002775343961014471	9.89080212150546	0.00020172235403813414	12.241341390915222	0.9346664554886874	0.000805363343472841	0.0002643115305688758	9.891287042428184	0.0001921209007554587	12.241929657585322	0.9346249333587832	0.0008456315106464832	0.0002643115305688758	9.891287042428184	0.0001921209007554587	12.241929657585322	0.9346249333587832	0.9995601081636786
0.001981116490576392	0.0010137796927144167	0.0003327937604045722	9.888776114395128	0.0002418373742584119	12.238883603674983	0.9348399755041924	0.00106443991293588	0.00034944500147630615	9.888165782712667	0.0002539219655010279	12.238143198859117	0.9348922607838974	0.0010137796927144167	0.00033279376040457227	9.888776114395128	0.0002418373742584119	12.238883603674983	0.9348399755041924	0.0010644686773501376	0.0003327937604045722	9.888776114395128	0.0002418373742584119	12.238883603674983	0.9348399755041924	0.9994461448012045
0.0024940778937111	0.0012760944212890754	0.0004190342560497495	9.885615885477721	0.00030441003072933143	12.235049870678774	0.935110766086418	0.001339853553721858	0.00044000428071663806	9.884847757328714	0.00031961899819642073	12.234118040008552	0.9351766083956116	0.0012760944212890754	0.0004190342560497495	9.885615885477721	0.00030441003072933143	12.235049870678774	0.935110766086418	0.0013398991423535292	0.0004190342560497495	9.885615885477721	0.00030441003072933143	12.235049870678774	0.935110766086418	0.999302635947214
0.0031398580393869743	0.0016062246387805903	0.0005276465747193603	9.881638727777931	0.000383157909121561	12.230225106048332	0.9354517798872866	0.0016864636174079878	0.0005540579288166722	9.880672082465846	0.0004022975242010392	12.229052450482731	0.9355347006210383	0.0016062246387805903	0.0005276465747193602	9.881638727777931	0.00038315790912156093	12.230225106048332	0.9354517798872866	0.00168653587071962	0.0005276465747193602	9.881638727777931	0.00038315790912156093	12.230225106048332	0.9354517798872866	0.9991219096625166
0.003952847075210474	0.0020216683999228656	0.000664447906474605	9.87663389840248	0.0004822537269848356	12.224153653625573	0.9358812630227774	0.0021226373057753756	0.0006977163098954397	9.875417551634458	0.0005063374406821761	12.222678080538538	0.9359857018661013	0.0020216683999228656	0.000664447906474605	9.87663389840248	0.0004822537269848356	12.224153653625573	0.9358812630227774	0.002122751819919009	0.0006644479064746051	9.876633898402478	0.0004822537269848356	12.22415365362557	0.9358812630227774	0.998894294823373
0.004976339631918717	0.0025444187138554063	0.0008367760328406823	9.87033654442572	0.0006069415826313171	12.21651421535687	0.9364222231442737	0.002671458156230963	0.0008786877643469258	9.868806185830797	0.000637242742813108	12.214657708630707	0.9365537796472212	0.0025444187138554063	0.0008367760328406823	9.87033654442572	0.0006069415826313171	12.21651421535687	0.9364222231442737	0.0026716396495481765	0.0008367760328406823	9.87033654442572	0.0006069415826313171	12.21651421535687	0.9364222231442737	0.9986075961007075
0.0062648404203409025	0.00320210649975829	0.0010538914633646701	9.862413959535665	0.000763809074083127	12.20690317897246	0.9371036840390684	0.0033619241761951722	0.0011067016463442347	9.860488828178584	0.000801926750433875	12.204567766001258	0.9372694239661792	0.00320210649975829	0.0010538914633646701	9.862413959535665	0.000763809074083127	12.20690317897246	0.9371036840390684	0.0033622118247462044	0.0010538914633646701	9.862413959535665	0.000763809074083127	12.20690317897246	0.9371036840390684	0.9982464287425686
0.007886966806002416	0.004029427257343042	0.001327488628351821	9.852448438413711	0.0009611267830259301	12.194813818312792	0.9379622777689874	0.00423044272650618	0.0013940463362259055	9.850027180909171	0.0010090677765485017	12.191876545403117	0.938171122293821	0.004029427257343042	0.0013274886283518208	9.852448438413711	0.0009611267830259301	12.194813818312792	0.9379622777689874	0.004230898620210194	0.0013274886283518208	9.852448438413711	0.00096112678302593	12.194813818312792	0.9379622777689874	0.9977913744315607
0.009929102934053517	0.005069917763405547	0.001672347260031145	9.839915939297093	0.001209270756909192	12.179610408482676	0.9390442691535683	0.0053226911072586265	0.001756255190507113	9.836871464259088	0.0012695514820294186	12.175917098689501	0.9393074904056081	0.005069917763405547	0.0016723472600311449	9.839915939297093	0.0012092707569091917	12.179610408482676	0.9390442691535683	0.005323413651575825	0.0016723472600311449	9.839915939297093	0.0012092707569091917	12.179610408482676	0.9390442691535683	0.9972179081039171
0.0125	0.006378162095085422	0.0021071648578764603	9.824159614176127	0.0015212466120782698	12.160496114836887	0.9404081362715231	0.0066959250449439576	0.0022129838054217033	9.820332723348194	0.0015970192005160468	12.155853641768205	0.94073999002766	0.006378162095085422	0.0021071648578764603	9.824159614176127	0.00152124661207827	12.160496114836887	0.9404081362715231	0.006697070199839693	0.0021071648578764603	9.824159614176127	0.00152124661207827	12.160496114836887	0.9404081362715231	0.996495030551283
0.01573656764742709	0.008022520191172632	0.002655624430054094	9.804357107212573	0.001913337026373324	12.136473322077903	0.9421278695068157	0.008421831263033927	0.0027891361881827435	9.799548650259547	0.0020085446625732117	12.130640092725395	0.9425464056865765	0.008022520191172632	0.002655624430054094	9.804357107212573	0.001913337026373324	12.136473322077903	0.9421278695068157	0.008423646200731265	0.002655624430054094	9.804357107212573	0.001913337026373324	12.136473322077903	0.9421278695068157	0.9955835215649864
0.019811164905763918	0.010088485809876348	0.003347770042716586	9.779480371405633	0.002405897370717714	12.106294887099445	0.9442972045398074	0.010590033661922552	0.0035163170969204445	9.773441643063228	0.0025254644286638356	12.098969192440459	0.944825309681988	0.010088485809876348	0.0033477700427165863	9.779480371405633	0.002405897370717714	12.106294887099445	0.9442972045398074	0.010592910100370166	0.0033477700427165863	9.779480371405633	0.002405897370717714	12.106294887099445	0.9442972045398074	0.9944337015189828
0.024940778937110997	0.012682791808585668	0.004221788350034618	9.748246642204174	0.003024326433518641	12.06840466415556	0.9470350774879445	0.013312372696773234	0.0044347153877734675	9.740667726566322	0.0031743892603021805	12.059210539389385	0.9477018221302876	0.012682791808585668	0.004221788350034619	9.748246642204174	0.0030243264335186415	12.06840466415556	0.9470350774879445	0.013316931399014954	0.004221788350034619	9.748246642204174	0.0030243264335186415	12.06840466415556	0.9470350774879445	0.9929825531841633
0.03139858039386975	0.015938384947581947	0.005326330633322951	9.709059190192953	0.003800239519802355	12.020865630832619	0.9504926918573061	0.016728079574167484	0.0055955624259111224	9.69955497363671	0.00398842338025727	12.009335887397235	0.9513350820430295	0.015938384947581947	0.005326330633322952	9.709059190192953	0.0038002395198023556	12.020865630832619	0.9504926918573061	0.016735304194961043	0.005326330633322952	9.709059190192953	0.0038002395198023556	12.020865630832619	0.9504926918573061	0.9911500070314043
0.03952847075210474	0.020020382584055793	0.006723562157853093	9.659936648988847	0.004772867761640184	11.961274154394166	0.9548627300323365	0.021009952693954653	0.007064366182127566	9.64803029818764	0.005008613974328256	11.946830336834118	0.9559279995005118	0.020020382584055793	0.006723562157853093	9.659936648988847	0.004772867761640184	11.961274154394166	0.9548627300323365	0.021021401713258583	0.006723562157853093	9.659936648988847	0.004772867761640184	11.961274154394166	0.9548627300323365	0.9888341283915503
0.04976339631918716	0.025133087335851755	0.008493201884031751	9.59843023980666	0.005990697074990685	11.886659575348576	0.9603914460064881	0.026371599604738543	0.008925204347758743	9.583534120130698	0.00628564082862175	11.868588813068467	0.9617400791603433	0.025133087335850665	0.008493201884031751	9.59843023980666	0.005990697074990688	11.88665957534858	0.960391446006487	0.026389741702644347	0.008493201884031751	9.59843023980666	0.005990697074990686	11.886659575348576	0.9603914460064881	0.9859048594116558
0.06264840420340903	0.03152805277492126	0.010737928182489993	9.521529354235446	0.00751333762443052	11.79336966814341	0.9673946696451889	0.03307571115488341	0.011286482314325075	9.502923720496462	0.007881729901952055	11.770798824750512	0.9691044228005962	0.03152805277492126	0.010737928182489993	9.521529354235446	0.0075133376244305205	11.79336966814341	0.9673946696451889	0.03310445541366733	0.010737928182489993	9.521529354235446	0.0075133376244305205	11.79336966814341	0.9673946696451889	0.9821958599519728
0.07886966806002416	0.039513030908961154	0.013590694562325652	9.425558133807856	0.009413571551736237	11.676945179900486	0.9762791783138034	0.041443149642331686	0.014288745451929466	9.402368576611192	0.00987272569344633	11.648813492951284	0.9784504792215646	0.039513030908961154	0.01359069456232565	9.425558133807856	0.009413571551736236	11.676945179900486	0.9762791783138034	0.04148868245440921	0.01359069456232565	9.425558133807856	0.009413571551736236	11.676945179900486	0.9762791783138034	0.9774938622320551
0.09929102934053519	0.0494613397926797	0.01722475369896288	9.306069558245008	0.011779450032788545	11.531991346878462	0.9875715104802653	0.051862303965346856	0.01811541291529621	9.277245314334273	0.012350171192362017	11.497024115750785	0.9903347796347634	0.0494613397926797	0.01722475369896288	9.306069558245008	0.011779450032788547	11.531991346878462	0.9875715104802653	0.051934406782313695	0.017224753698962883	9.306069558245008	0.011779450032788547	11.531991346878462	0.9875715104802653	0.9715248233304057
0.125	0.06182069059723905	0.0218675750604365	9.157750117173816	0.014716180781306553	11.352062249944458	1.0019571933276183	0.06479760920203545	0.023007723531708473	9.122047213605528	0.01542309967179803	11.308750387719464	1.0054828665719182	0.06182069059723904	0.0218675750604365	9.157750117173816	0.014716180781306553	11.352062249944458	1.0019571933276183	0.064911725127101	0.0218675750604365	9.157750117173816	0.014716180781306553	11.352062249944458	1.0019571933276183	0.9639360864827966
0.1573656764742709	0.07711969946567612	0.02782043294718886	8.974358805896742	0.018347335934998838	11.1295868091977	1.0203346427577933	0.08079523034711791	0.029285831538584668	8.930334960905938	0.019219009791903618	11.076180656804258	1.024847008792391	0.07711969946567612	0.027820432947188858	8.974358805896742	0.018347335934998838	11.129586809197699	1.0203346427577933	0.08097568443895994	0.027820432947188858	8.974358805896742	0.018347335934998838	11.129586809197699	1.0203346427577933	0.9542738971081033
0.1981116490576392	0.09596904328378382	0.03548634502346623	8.748740759828122	0.022814582093189508	10.85588532416004	1.0438897885206395	0.10048252950083975	0.03737897720081927	8.694773414071616	0.023883137655119964	10.790416524414278	1.049686208976167	0.09596904328378382	0.03548634502346623	8.748740759828122	0.02281458209318951	10.85588532416004	1.0438897885206395	0.100767495447973	0.03548634502346623	8.748740759828122	0.022814582093189508	10.85588532416004	1.0438897885206395	0.941956307938486
0.24940778937110997	0.11905236907218798	0.045410408981839984	8.472980098682484	0.028274653995896716	10.521354891928688	1.0741998436687838	0.12455595393285661	0.04786914739251601	8.407325163074985	0.02957462429512383	10.441707657636274	1.0816774902916166	0.11905236907218797	0.045410408981839984	8.472980098682484	0.028274653995896716	10.521354891928688	1.0741998436687838	0.12500498752579736	0.045410408981839984	8.472980098682484	0.028274653995896716	10.521354891928688	1.0741998436687838	0.9262434826228005
0.31398580393869757	0.14709962975603275	0.05833861398488371	8.138788740766657	0.03489165598560433	10.115941085089432	1.1133774035887494	0.15374945272609422	0.0615548379662271	8.059705175514567	0.03645751367830402	10.020003328208999	1.1230702255852947	0.14709962975603275	0.05833861398488369	8.138788740766657	0.03489165598560432	10.115941085089432	1.1133774035887494	0.15445461124383442	0.05833861398488369	8.138788740766657	0.03489165598560432	10.115941085089432	1.1133774035887494	0.9062120875772869
0.39528470752104755	0.1808329324482236	0.0753041002077819	7.738262857036698	0.04282208418727573	9.6300556203267	1.164268378812303	0.18877305526429067	0.07954463036715989	7.644234540462573	0.044683848542105505	9.515988105203812	1.1768972634761752	0.1808329324482236	0.0753041002077819	7.738262857036698	0.04282208418727573	9.6300556203267	1.164268378812303	0.1898745790706348	0.0753041002077819	7.738262857036698	0.04282208418727573	9.6300556203267	1.164268378812303	0.8807502214641578
0.4976339631918716	0.22087380717409522	0.09775370697695784	7.265157083535186	0.052189597052136105	9.056122129439755	1.2307167180806582	0.23021075287520432	0.10339435561662075	7.155241473497755	0.05436593044044829	8.922781440517578	1.247254884928396	0.22087380717409522	0.09775370697695784	7.265157083535186	0.052189597052136105	9.056122129439755	1.2307167180806582	0.2319174975328	0.09775370697695786	7.265157083535185	0.052189597052136105	9.056122129439755	1.2307167180806582	0.8486070245160408
0.6264840420340904	0.2676048238634283	0.12773227409094756	6.716781483701984	0.06304745542954315	8.390877399915258	1.3179000317770158	0.2783727288420411	0.13530633022230368	6.591089389107934	0.0655361638306408	8.238397961557643	1.3396519261523212	0.26760482386342826	0.12773227409094762	6.716781483701983	0.06304745542954317	8.390877399915256	1.317900031777016	0.28098506505659965	0.12773227409094762	6.716781483701983	0.06304745542954317	8.390877399915256	1.317900031777016	0.8085566650806939
0.7886966806002419	0.3209945590189691	0.1681468859801949	6.096432046636519	0.07533039860609914	7.638319857973537	1.432713516892823	0.333116678227024	0.17841380735013618	5.956672740183998	0.07809763835354172	7.468775220962302	1.4613964004060638	0.32099455901896906	0.16814688598019492	6.096432046636519	0.07533039860609914	7.638319857973537	1.432713516892823	0.3370442869699175	0.16814688598019492	6.096432046636519	0.07533039860609914	7.638319857973537	1.432713516892823	0.7597564266775334
0.9929102934053522	0.38043044820581423	0.22313783861354006	5.415830311313859	0.08880633965051955	6.812669122480666	1.5841241232334045	0.3936928732621048	0.23717859650117637	5.2657321452375045	0.09177828922388005	6.63058222086805	1.6219257280153472	0.38043044820581423	0.22313783861354006	5.415830311313859	0.08880633965051955	6.812669122480666	1.5841241232334045	0.399451970616105	0.22313783861354006	5.415830311313859	0.08880633965051955	6.812669122480666	1.5841241232334045	0.702349056386834
1.2500000000000002	0.4446551414077902	0.29859159584083966	4.696424004160268	0.10305061273864204	5.93994383279568	1.7833339753092416	0.4587187873931077	0.31794060438983585	4.541717988138503	0.10611379792158619	5.752267061955555	1.832901084954723	0.44465514140779033	0.29859159584083966	4.696424004160269	0.10305061273864202	5.939943832795681	1.7833339753092414	0.46688789847817985	0.29859159584083966	4.696424004160268	0.10305061273864202	5.939943832795681	1.7833339753092414	0.6382093728412251
1.5736567647427098	0.51193259864975	0.4028591421825926	3.968049752953012	0.11747245147064218	5.056339361910463	2.043517855290446	0.5264071045620394	0.4296938753543326	3.8157445614677066	0.12048810023363295	4.871575076363044	2.107822426317068	0.5119325986497503	0.4028591421825924	3.9680497529530134	0.11747245147064216	5.056339361910465	2.043517855290445	0.5375292285822378	0.4028591421825924	3.9680497529530134	0.11747245147064216	5.056339361910465	2.043517855290445	0.5714656589404631
1.981116490576392	0.580515072052664	0.5478202939567569	3.264217917067354	0.13140834941701576	4.202507755549963	2.378898447687959	0.5950916811016718	0.5852548965768759	3.1212489423482666	0.13423914072198104	4.029069409740406	2.4609399106307466	0.5805150720526638	0.547820293956757	3.2642179170673535	0.13140834941701576	4.202507755549962	2.3788984476879595	0.6095408256552971	0.547820293956757	3.2642179170673535	0.13140834941701576	4.202507755549962	2.3788984476879595	0.5082933264737501
2.4940778937111	0.6493260688858711	0.7505797779189872	2.6153561530938507	0.14425583778426213	3.41536137484915	2.802995400163641	0.6639301430086871	0.8031464538965132	2.4871793374523663	0.14679374375951992	3.259867674767186	2.905310344983609	0.6493260688858711	0.7505797779189872	2.6153561530938507	0.14425583778426213	3.41536137484915	2.802995400163641	0.6817923723301645	0.7505797779189872	2.6153561530938507	0.14425583778426213	3.41536137484915	2.802995400163641	0.4558691302624319
3.1398580393869753	0.7186442158624545	1.0362565454088604	2.0431350619626416	0.1555858378243037	2.7211892324095857	3.325882359319947	0.7335617873561515	1.1106896209566428	1.932944727934965	0.15776761075839413	2.587515270660098	3.4498076495950816	0.7186442158624545	1.0362565454088604	2.0431350619626416	0.1555858378243037	2.7211892324095857	3.325882359319947	0.7545764266555773	1.0362565454088604	2.0431350619626416	0.1555858378243037	2.7211892324095857	3.325882359319947	0.421097722805729
3.9528470752104745	0.7906290542154736	1.4424066365208263	1.5583836883095212	0.16518393402876663	2.133128245468178	3.9501216209912964	0.8065974926816181	1.5488264343586815	1.4671742972099437	0.1669898835486759	2.0224804217309647	4.094728797837686	0.7906290542154734	1.442406636520827	1.5583836883095206	0.16518393402876663	2.133128245468177	3.9501216209912977	0.8301605069262471	1.442406636520827	1.5583836883095206	0.16518393402876663	2.133128245468177	3.9501216209912977	0.40983412349181914
4.976339631918718	0.8697134885731796	2.025316447207807	1.1625257470446926	0.17302193678660774	1.6529055492961637	4.665163306340057	0.8879974075450122	2.1787461580298837	1.0896693319777533	0.17446449666148736	1.5645220651475753	4.825943122875874	0.8697134885731796	2.025316447207807	1.1625257470446926	0.17302193678660774	1.6529055492961637	4.665163306340057	0.9131991630018386	2.025316447207807	1.1625257470446926	0.17302193678660774	1.6529055492961637	4.665163306340057	0.42641770078344243
6.264840420340905	0.9629416370797004	2.8671250088140656	0.8505205895108432	0.1791996511388757	1.2744062384278698	5.44152465582277	0.98539079382077	3.0888152367203054	0.7943747191365184	0.1803113415736545	1.206294629591798	5.60951264521375	0.9629416370797005	2.8671250088140656	0.8505205895108432	0.1791996511388757	1.27440623842787	5.44152465582277	1.0110887189336855	2.8671250088140656	0.8505205895108432	0.1791996511388757	1.27440623842787	5.44152465582277	0.4723391124645617
7.886966806002418	1.0801172298296264	4.080125926882959	0.6133285280014427	0.18389606325658778	0.9866640980916218	6.229657864986295	1.1091390736821056	4.39758721923863	0.5716085845591045	0.18472211977250155	0.936052851895552	6.392510210475422	1.0801172298296264	4.080125926882959	0.6133285280014428	0.1838960632565878	0.9866640980916219	6.229657864986295	1.1341230913211078	4.080125926882959	0.6133285280014428	0.1838960632565878	0.9866640980916219	6.229657864986295	0.5434399362193774
9.92910293405352	1.2334112051847823	5.803293610207302	0.4392935460392059	0.1873419627230034	0.7755389959928333	6.970411605542868	1.2718045153711608	6.248455297932486	0.40929050373495207	0.18793602413698685	0.7391417424157659	7.11629036433286	1.2334112051847823	5.803293610207302	0.4392935460392059	0.1873419627230034	0.7755389959928334	6.970411605542867	1.2950817654440214	5.8032936102073025	0.43929354603920573	0.18734196272300338	0.7755389959928332	6.970411605542868	0.6282639629756673
12.500000000000004	1.4364638804129204	8.19229598298468	0.3152677600524974	0.18979767814834306	0.6250809878723271	7.615766670168382	1.487237875256024	8.799576025480606	0.2941567772624877	0.1902156764353046	0.5994708585368715	7.737707478511759	1.4364638804129206	8.192295982984678	0.31526776005249746	0.18979767814834306	0.6250809878723274	7.61576667016838	1.5082870744335666	8.192295982984678	0.31526776005249746	0.18979767814834306	0.6250809878723274	7.61576667016838	0.7119502511458337
15.736567647427096	1.7038592421248846	11.414695949060764	0.2283191900894206	0.19151926324269136	0.5196020462031089	8.144393892259986	1.7702628557303748	12.221770821702531	0.21356716167314038	0.19181135398373123	0.5017060837337519	8.241451345119973	1.7038592421248846	11.414695949060764	0.2283191900894206	0.19151926324269136	0.5196020462031089	8.144393892259986	1.7890522042311285	11.414695949060764	0.2283191900894206	0.19151926324269136	0.5196020462031089	8.144393892259986	0.7836050905876469
19.81116490576393	2.0517436141998355	15.659353777262814	0.1674773638985129	0.19272393378675753	0.44579368525404756	8.560168542711326	2.137531594301271	16.710716484410735	0.15710764404847147	0.19292925464636435	0.43321398353321255	8.63530342709329	2.0517436141998355	15.659353777262815	0.16747736389851287	0.19272393378675753	0.44579368525404756	8.560168542711326	2.1543307949098276	15.659353777262815	0.16747736389851287	0.19272393378675753	0.44579368525404756	8.560168542711326	0.8395488767302373
24.94077893711099	2.499302558277169	21.155486677181138	0.12451442127557591	0.19357460173518268	0.3936745334291567	8.880292584029975	2.609090157717957	22.506856370604105	0.117126695876912	0.19372087898773416	0.38471234512951263	8.937767953967956	2.499302558277169	21.155486677181134	0.12451442127557595	0.19357460173518268	0.39367453342915676	8.880292584029975	2.6242676861910277	21.155486677181134	0.12451442127557595	0.19357460173518268	0.39367453342915676	8.880292584029975	0.8811170540730732
31.39858039386975	3.0704419919814185	28.193256223734277	0.09372662000385053	0.19418420140749093	0.35632527402393743	9.12483005425729	3.210057641791359	29.915824030073118	0.08837796829887136	0.19429010492095944	0.34983672428196877	9.168692332286176	3.070441991981418	28.19325622373428	0.09372662000385051	0.19418420140749093	0.3563252740239375	9.12483005425729	3.2239640915804895	28.193256223734277	0.09372662000385054	0.19418420140749093	0.35632527402393743	9.124830054257288	0.9114003225106573
39.52847075210475	3.7954533313113554	37.143746284804685	0.07130406560474534	0.19462816886373668	0.3291240525600025	9.311574491428939	3.972299390782503	39.32850104870339	0.06736997466251048	0.1947060640186408	0.32435153302122677	9.34513028842774	3.795453331311355	37.143746284804685	0.07130406560474534	0.19462816886373668	0.3291240525600025	9.311574491428939	3.9852259978769236	37.143746284804685	0.07130406560474534	0.19462816886373668	0.3291240525600025	9.311574491428939	0.9334106747961887
49.76339631918718	4.71279479529508	48.48040064148271	0.054722481890139334	0.19495648487141656	0.30900862222964837	9.454664708534766	4.936259590950478	51.243119180074416	0.05178760890514438	0.19501459547158997	0.3054482727434831	9.480450418577613	4.71279479529508	48.48040064148272	0.05472248189013932	0.19495648487141656	0.30900862222964837	9.454664708534766	4.948434535059834	48.48040064148272	0.05472248189013932	0.19495648487141656	0.30900862222964837	9.454664708534766	0.9495104294066454
62.648404203409065	5.8711929586704015	62.804584035566954	0.04229494311149342	0.19520255062649267	0.2939325417549333	9.564824459068591	6.1531547874964	66.29199463451381	0.04007894767716937	0.19524642742297704	0.2912442761140426	9.584737646240152	5.8711929586704015	62.804584035566954	0.04229494311149343	0.19520255062649267	0.2939325417549333	9.564824459068591	6.164752606603922	62.804584035566954	0.04229494311149343	0.19520255062649267	0.2939325417549333	9.564824459068591	0.9614044494321486
78.86966806002414	7.332245947935466	80.87750314851549	0.032875080007252165	0.19538906428529065	0.28250512907492925	9.65004922256284	7.6877050381744665	85.27505931707445	0.031185082241946206	0.19542252630730514	0.28045496107580614	9.665500154229688	7.332245947935466	80.8775031485155	0.03287508000725216	0.19538906428529065	0.28250512907492925	9.65004922256284	7.698858245332239	80.8775031485155	0.03287508000725216	0.19538906428529065	0.28250512907492925	9.65004922256284	0.9702863547727385
99.29102934053519	9.173698218166132	103.66054729685231	0.02566835915264779	0.19553175764077294	0.27376252078393654	9.716283390207956	9.62157388644145	109.20226360032508	0.024368966148728664	0.19555748567319708	0.2721862027499081	9.72832247119988	9.173698218166132	103.66054729685231	0.02566835915264779	0.19553175764077294	0.27376252078393654	9.716283390207956	9.63238312907444	103.66054729685231	0.02566835915264779	0.19553175764077294	0.27376252078393654	9.716283390207956	0.9769870110243221
125.00000000000003	11.49357289068848	132.36631221268166	0.020113070497489744	0.1956417525739568	0.26702329588050316	9.767963749365517	12.057709512481463	139.34719543531364	0.01910740955295934	0.19566166470008844	0.26580330971911853	9.77737815088243	11.49357289068848	132.36631221268166	0.020113070497489748	0.1956417525739568	0.26702329588050316	9.767963749365517	12.068251535222904	132.36631221268166	0.020113070497489744	0.1956417525739568	0.26702329588050316	9.767963749365517	0.9820882891278346
